Birth,Death
4.770043409989739,5.466804680168464
4.880359648151625,5.597992047049315
4.712267277475405,5.732962842896645
5.253765535164348,5.789106481923593
5.379924000794745,5.957247963061354
5.8753704093178385,6.035145340489693
5.3777094473139755,6.117208985371515
5.9281355699395135,6.174814337896445
5.271766810074041,6.183345163091198
6.02980177693189,6.249421052713886
6.1647674801033645,6.255602121499624
5.263284613862197,6.306772779442726
5.968247264328056,6.325926042843847
6.2918655510338795,6.441860390520612
5.905600470173567,6.457029584243772
5.962598462494498,6.460297725424148
5.918757475952816,6.476129445211037
5.89724551312338,6.488367578283568
6.235656254299329,6.497054222433261
6.153909102933767,6.578072650953069
6.604494732655667,6.6187471240344165
5.85474845811882,6.626834694926398
5.661718935635008,6.645724778379169
5.836095561763841,6.662146004426736
5.195318629299663,6.6669993175643825
6.594572070358481,6.6680832481102605
6.121147497482525,6.746588516708917
6.683517631179939,6.75097316887774
6.719064532944685,6.76920590614669
6.71035612671858,6.77797616299264
6.086346970406339,6.821191272652038
6.776234305834805,6.834318210807829
6.787801648752975,6.839934449930188
6.087848197229505,6.841573755434393
6.802687861847517,6.845771162087546
6.588202802185151,6.858508511334177
6.128720114419593,6.876412269068845
6.839440704073937,6.885732497094961
6.881061341568056,6.93009028666205
5.5012567367411975,6.9335414625817755
6.551352278404465,6.973057302450558
6.729670661615273,6.974764275877604
5.9616210486756245,6.984838151199776
6.985741030593999,7.003652199832767
6.989671947563693,7.005410183529544
6.997801654908276,7.0289703911364185
7.001866320172269,7.034714217042506
7.009318208413788,7.035930232201982
7.0179905325014715,7.041085456973034
6.672108374130403,7.051833439301221
7.039574527591185,7.0523708718629425
6.678943279235909,7.066344524874571
7.058292342103982,7.070089901530551
7.077215919108312,7.0802648035532165
6.254132851021006,7.08450585913545
6.503103847870079,7.11160432205167
6.505259013962132,7.112926729349562
7.096222616302839,7.120219057008605
7.110695141119379,7.125969721641287
7.108808645191459,7.129445871493454
7.12260991082394,7.130594941233136
6.75982468135885,7.132978101039435
6.966989632095647,7.134112545492483
7.135949101470418,7.141652492562146
7.137236065715854,7.145623892417632
7.127208807160969,7.148401412899353
7.1690168479335625,7.173303403708517
7.170302595307476,7.174070549960493
7.157669166504093,7.175036701998224
6.820829447685583,7.178675869752461
7.146098320497515,7.178895003055306
7.177834840387732,7.1813065745540525
7.179633707139146,7.186970512317088
7.184066218223961,7.191469069837307
6.960764562611303,7.191973500721717
6.864568292352715,7.195273896059042
6.425307830862096,7.195732365629388
7.181635051423655,7.198941090498614
7.200599695587243,7.207715309220347
7.027142467956992,7.212162456998486
6.943822034103732,7.222012842918652
7.2261207875710625,7.230593905616782
7.234312791008051,7.235399076635859
7.233619666809545,7.236584520461892
6.777225976356931,7.247749533771899
7.23770212412569,7.247800571467231
6.913373605453671,7.250359281816375
7.252333969033715,7.256726417332565
7.267615617097363,7.274531416924159
7.276819555649126,7.280930972056574
7.272536797423754,7.281896767163161
7.282016966768424,7.283712368409702
7.284344855995414,7.285568297359006
7.286422406517886,7.288344067889527
7.294161686066047,7.29907840317676
7.296173291361185,7.299138092993488
7.302945203201318,7.305876582938929
7.257309351120057,7.308075502715926
6.4226864321753965,7.320863006492003
7.333114573864123,7.333980419817972
6.991218376832876,7.334696468028862
7.3476795458382185,7.349042539297594
7.0605810198521795,7.349871380655822
7.357742552966556,7.3594756345307
7.359383245300933,7.359516355315892
7.368090546366602,7.368392455891252
7.368561397690428,7.369523414527558
7.370478793770189,7.3729783660394315
7.376432823738469,7.376820089206648
7.391288907259028,7.391975548107917
7.392034538412474,7.392549961985166
6.573513538894588,7.396600600184819
7.021540650459428,7.401423841490962
5.882142155571273,7.4043585863061026
7.005992748921074,7.4065291163145215
7.407411158128582,7.407413841509282
7.408252178193834,7.408510851073196
7.415773040260547,7.41595971782113
7.417393834322937,7.417695861661318
7.42506238309511,7.425089417391009
7.4261299910604635,7.426709540030409
6.816376472372269,7.427770732156478
7.440602750740254,7.440644128899713
7.438815500780947,7.440877803475642
7.4383909395000956,7.442401729981436
6.5636152601700815,7.444486557057947
7.067859245102227,7.447033160716094
6.606915209935551,7.447495155226826
7.45345418018778,7.453675307862138
7.085453467704838,7.456769425290638
7.040496700302356,7.458705774288843
7.451335898785203,7.4733839710043775
5.824396701988292,7.483454665270212
7.496701717315773,7.496799696180592
6.2695888361361085,7.507716993324619
6.548322585739697,7.527393980218191
7.233592822755099,7.537055674290512
7.543218650478423,7.5432448908180145
6.994896557174798,7.567284152902216
7.261776993929946,7.570541752178245
7.427764569683461,7.57901615889598
7.574018901077807,7.590123995321768
7.541264585975682,7.6051862465146804
5.930541253723277,7.606238009281068
5.986219571655283,7.622670817067741
5.56978450617612,7.629141348994596
7.36650370951088,7.636479429530181
6.037722582260358,7.641231566089845
7.112448908218539,7.650144825863016
7.1614369497301595,7.657710640665463
6.819105526489867,7.668536896740001
5.5501288784262215,7.675251405977093
7.060832515366201,7.678193995422399
7.5132774952630825,7.680129345250178
7.030359444485157,7.682210063095573
6.417719363602373,7.694270851621178
7.455784088143446,7.696305375307919
7.614174735447534,7.698316831080179
7.562527447329565,7.707714067659589
6.0500937942165365,7.718765232429315
5.776189989920169,7.721988797804379
5.951415598306085,7.725139587670104
7.431641259822777,7.727476261054346
7.021532031611091,7.730960699730522
7.084187880790751,7.733290994568718
7.299155208927232,7.737292955541264
6.203757400345239,7.737982588999624
7.040439396785814,7.741577109487338
6.089044577141976,7.743577684533575
7.271695520153344,7.749693943764197
6.043955447265944,7.754945463510104
6.060660345466658,7.755221539081793
6.193929155864907,7.759241171145817
6.847073350998471,7.761667457070673
5.922077758253408,7.768144688363558
7.754730385185269,7.771600715931241
7.525637078387694,7.77378174904941
6.518722656711589,7.785721211249022
7.115869410408095,7.78597478128149
7.2022705225836035,7.810558680720344
6.232314660111459,7.813322841493596
5.720421639099186,7.815922901415223
6.068043602776925,7.8174435337415975
6.177255465638154,7.822012256921752
7.619671781120723,7.823880621336526
7.7218712125238405,7.830129048587033
7.37288341110343,7.8323003561125875
6.662143665880251,7.835362114389672
5.598516241951074,7.844743807924411
7.758665246127535,7.846954474892799
7.690012558771059,7.847819876848014
6.264980159713787,7.848279482927066
6.348507554225989,7.849137903549865
7.708155191437982,7.853591424726131
7.632592792721894,7.853668314039865
7.29770472139171,7.853705148116827
6.767593397302335,7.854229946824173
7.241397218218481,7.856125910601563
7.72307568492397,7.858022281195511
7.839506048428589,7.858551614238845
5.442684637174864,7.863150870743634
6.294811626637184,7.864748985741905
5.893339214340415,7.8676414210045165
6.37196925224368,7.874521294326376
6.076491263362925,7.875304405591388
6.2410117301342325,7.877835413828569
5.453548806382059,7.8785926180936885
6.070389599278542,7.883812019311069
6.221284764801794,7.888038360152005
7.3514841464693745,7.890187631792493
6.644568243141293,7.890399369528333
6.3883660791016155,7.893025168777203
7.7835147619062575,7.893669071680318
6.175121168241105,7.893827968611529
5.821512003853059,7.8941550063002595
7.541750491005587,7.897616406552837
5.846547211853249,7.900288648074024
6.457590618012546,7.901923946906937
7.104316069733613,7.904130713278723
7.5327834947829615,7.908526119380408
7.708589327068708,7.910740934972029
7.774455479211384,7.914124146764257
6.462237799431932,7.918630246611319
5.386330859447526,7.918849876315237
5.623541198321632,7.919382849102154
5.906149211893535,7.920637382140945
6.341667629673111,7.922857758467332
6.371300651632339,7.928967947057988
5.108678970093024,7.930566668123633
6.390076699196982,7.9324178381863195
6.893016422043729,7.933467012693131
5.8206718162009565,7.936072433919438
7.830919126883657,7.9407545517852185
6.37464659580678,7.941574386553098
5.935010044869159,7.944394058941649
7.120831224301128,7.9463539163041705
7.650875718680311,7.946475950694035
7.761795375206248,7.9517907215694
7.848681570916199,7.958039638427248
6.249553089455048,7.958651762608673
7.463100593349964,7.962472690223274
7.641166829461326,7.962577574131569
6.876175227731721,7.965294739802522
7.341282929156359,7.978669909355568
6.646433625345708,7.9796090071529235
6.94160865136746,7.980037993640266
6.516520635780637,7.982227776400995
7.82512613707172,7.984360712766858
6.323142301201187,7.987330706710256
6.274362053383129,7.989938071388339
6.4982664671815655,7.9904187618403455
6.197987433357412,7.992316616391183
6.23448078356364,7.999832794195889
7.004956377769531,8.001041241150471
6.771125417904159,8.002431118855739
6.009155503063596,8.002975978160157
6.283158821419022,8.00562879948437
7.762005613926931,8.00749741757957
6.386038821887443,8.009972127510249
7.180266961289817,8.012437096466366
6.418630289314933,8.013753951511006
6.816128664550888,8.03105761980858
6.71552303262456,8.034673079609675
6.479757179973888,8.039618317769374
5.762358824655166,8.040166883689938
6.507865336481018,8.0435886092675
5.7801361554382,8.045324247559812
7.240796964677941,8.046028358316631
6.505473583069033,8.04897903437503
6.806374475632765,8.05601302714152
6.49001737532808,8.05778181551894
7.79815608926225,8.057847384088147
8.00276527833563,8.059000295685152
6.408631970353781,8.06036980927677
6.820120812983987,8.06432581230408
6.5616550197628385,8.064996686899256
7.138407059403164,8.066172382933603
7.034725282363979,8.071881297025016
7.761486512657257,8.072642416763681
6.509397714769875,8.07307507913237
7.9720660007860715,8.074262604567522
6.441190549083785,8.079820744126618
6.473296597904891,8.080757584274966
6.839196574173002,8.083244607050885
7.4162266447310685,8.083738304128305
6.805093082581152,8.084111321976891
7.827910567543995,8.086772401181474
6.137569072282531,8.088292904474244
6.417901060250188,8.096413893251512
5.905215710994753,8.097565424763971
7.75594197061605,8.105756927935087
6.193271932091193,8.106260790404988
6.859758545544665,8.108903094724907
7.7682121853340504,8.11416636295445
8.032373802243,8.123081206209196
6.0575128657085315,8.12630477954774
8.108436113639982,8.128956233047067
8.074707093292318,8.12923828691709
5.269123433937239,8.143254453905175
6.4147996470523845,8.151312136091256
7.014596069610889,8.168759139673934
6.229790200607567,8.170071028813972
6.783895679304123,8.170865048291558
7.93361090430251,8.172813089846631
6.567753222248086,8.172978954119571
8.136336930919697,8.177278827239686
7.617153089538988,8.18037901401193
6.689551054155491,8.18395756410083
6.488321585075937,8.18415005782515
7.349906958818849,8.18504869433875
8.067527864459407,8.185367862251729
8.18940577417402,8.189445058623894
7.3943886779766785,8.194924728605365
7.240301493554455,8.19902624771263
6.391303489137815,8.201000902471245
7.432981185442259,8.201062213974756
7.9048501647150715,8.202934738041549
6.226637407799469,8.203877865547616
6.683120311347977,8.205222485536305
7.6135305227589924,8.214921319159398
8.202268160454878,8.214949098019543
7.847163702053194,8.21583667699225
6.833502480131074,8.218475702923802
7.619251034744821,8.220662050431283
6.57501996344763,8.221240908024196
7.9053557768866085,8.22149573889607
7.082440078186664,8.224841729930393
7.089756152939344,8.231833576514518
7.2047685168618045,8.231982294075493
6.5007702265174885,8.232340224402906
8.17932037254377,8.239323671267798
7.034437516306127,8.239637449060861
6.467846486337294,8.24367425091385
8.234500487981009,8.245121338887902
5.102460935952209,8.246888378591603
6.361260257814138,8.247717826779432
8.205779868256286,8.248810739161788
6.72158864350132,8.252727626990907
6.928037983315335,8.253010354476979
6.562439593857562,8.253155137026546
8.231135510003696,8.253793545760143
5.3779635272985615,8.253871215436845
7.508405382253465,8.254232041614799
8.202804154333137,8.256694194277102
5.071662130616687,8.257189571923238
8.197677082432392,8.259373471734435
8.204218370437957,8.260621878363978
6.985267200394446,8.26515415461446
7.622072973306842,8.267835297219786
5.942039984238818,8.269296975743913
7.479862534714812,8.273091513858809
5.778345423380017,8.28667225173751
7.542151289680987,8.289041347924533
6.866428397079517,8.28967344109829
6.212268317140115,8.295199582399928
7.257265353950576,8.295715119344809
8.282562699180744,8.296263806327186
6.592674483331393,8.301601610289097
5.536503258213315,8.306924320972893
8.302302476156513,8.31014664624876
8.039856226189386,8.311230716550506
7.037461360687303,8.313758717850687
7.053244063157763,8.330301501585662
8.291246061268112,8.331673853118073
7.0927050257269,8.33508463045482
6.8415745630171045,8.339688845157479
6.679617336094125,8.346687066447723
5.78176179478146,8.347440403209745
8.31548760548165,8.351395785091565
7.06313194458977,8.360908794033346
7.979726936184371,8.36364711544708
7.38375362918498,8.36514176156382
6.7833555966630605,8.372780390684955
8.353970724907086,8.37752469583893
7.428286488647473,8.37808003452647
8.373719487457493,8.378598711607896
7.946380864128514,8.38151933985911
7.079747430816724,8.382324861953428
8.214065293305111,8.386766718527557
4.996951209556755,8.388011380759593
8.283379906307573,8.390109833642885
7.0423733526579895,8.39220479780121
6.71035416344381,8.393795702353422
7.083853403597686,8.394470038969812
8.184435166786443,8.39592837149108
5.010829270597711,8.4051665615341
6.892179131828925,8.417964093062547
8.374964416335615,8.420789402311549
8.245644100611173,8.422816649301929
7.5777533234752354,8.430120836072328
7.326537318134342,8.434847564289353
7.280069354469962,8.436973328746442
8.298772532089288,8.438344796202063
7.278886875793717,8.442101237594366
6.792199071297546,8.44276265772384
7.453263017883728,8.443305163936738
7.333617497200066,8.443941234157144
6.661325304802176,8.447746029218461
8.372428358819015,8.453565540437019
7.559242301906593,8.457007618242717
8.309052145462374,8.464037566309155
7.333286690523266,8.46839701464758
6.616251459916384,8.469264878196114
6.306228304055267,8.471272023261843
8.396464847442985,8.474531274610587
4.606097143563602,8.475515921162728
7.647747492062308,8.478124494649933
8.45990056496072,8.48264907206394
8.481917856639939,8.486212112707964
7.46331941767221,8.486862315273815
6.793943766094571,8.496791009818782
8.366758574342384,8.498376039232696
8.095872832863279,8.498409634077525
6.716093357636055,8.501374350874226
7.4146420683111955,8.501662301358245
7.6874156342473725,8.506151686581042
8.509840010261769,8.510047324003253
7.201773376285985,8.512488496672436
8.468490415539009,8.516014642573648
7.974520612350716,8.516509193613102
6.6272300249868294,8.516876020604638
7.8349485507380905,8.518749649586885
8.45933590640675,8.519848196384043
7.3017796346099395,8.524525377146698
5.154073010456614,8.524828903465028
4.233937610901194,8.529649899639873
8.504242979938226,8.534386764518256
5.1340918938831805,8.535004627094242
8.513864086883586,8.53858077955762
5.591223579723419,8.539175939603044
7.767898984737485,8.539878685312562
7.126336770904572,8.541543692438793
6.722763385776716,8.547845704600732
6.570477790123732,8.55466850805355
8.245664480785535,8.555302004090978
8.54223673253,8.555465964943885
7.044780386788261,8.555521696906744
5.324124968796241,8.558445013338847
8.49585598619484,8.55946456005761
7.879467339936127,8.564292505291952
8.136207092815766,8.571441753409168
8.549660252685726,8.576199585051018
7.971146356332838,8.586228296883794
7.740305160294156,8.59016115411124
5.399796250383417,8.591973790686177
7.703055330655163,8.603563343329796
5.185264495911724,8.607507786283847
8.515696024577665,8.6152695037112
6.56808089863981,8.617865919319023
5.416257978657896,8.618787056860409
6.903016418113712,8.620398018352033
8.51534645351444,8.632315182404135
6.357205199859295,8.637445072370369
7.747364084499395,8.643700271537838
8.416558823701966,8.643704087823203
5.228367799240516,8.646024475403895
8.151140709396714,8.654564484029105
5.373983698986422,8.656490548846465
7.706070045857931,8.657564229814565
7.264047172607718,8.658157479243684
5.243296405718355,8.658777981384322
8.272273677235034,8.663751696219059
7.383122245392769,8.664662758742033
4.629038565484052,8.665342911635527
5.907941337939121,8.6663756805904
4.58479681418909,8.667824447116203
8.533735491135303,8.668034271026468
6.186626839218206,8.669384846358708
7.628588232645598,8.679912346985612
7.483865902460227,8.680504140619492
8.65590259294919,8.681412134773513
8.508604471034232,8.683111474373211
6.537221344819045,8.688792606507404
8.58417150201609,8.689730912316428
8.502457010145665,8.700207590068274
8.108200956558903,8.706177072374281
7.405042135605072,8.709000872460924
7.376800949417202,8.70985469107915
7.571550754197233,8.711542259301918
7.939120653789587,8.713974298495472
7.357854630830843,8.722652590285689
7.952472369845964,8.723188337336012
8.046426209915808,8.728336014745551
7.092873812256585,8.730142802296129
8.647555478821232,8.730722802254276
8.718840042145533,8.735159235552604
6.5573511200957455,8.736285861872723
8.559830018662069,8.737072360442564
8.440876723556585,8.738698851518492
6.4106651316400445,8.741623727690943
7.36258383908654,8.745871047228086
8.744107677781358,8.747335070891312
8.543753955226325,8.757484583697664
8.200039675061134,8.757558412248022
8.662687625567074,8.76318116229351
8.70233657827066,8.768422780717694
6.185669580067099,8.785802905918995
8.126968497821508,8.785909364258945
8.750923566055462,8.788501368965504
8.787974992496121,8.789823983175246
8.79271419908929,8.792878012330611
8.446296515398899,8.795601391250937
4.894991672151264,8.798514006520696
5.41004956724818,8.807640691856145
5.34260172491895,8.809136304855155
4.519837070394544,8.81083219723667
8.414765037742654,8.81315368225151
8.613861848207307,8.820553800996997
7.9677851701280815,8.82807510320124
8.826883152237315,8.82994192980097
8.291086567627644,8.831818350841974
8.75775292640742,8.832274156404218
8.792461212224964,8.832776243979966
8.614000393875358,8.837961346702249
8.761166689480206,8.840670867095142
8.843009505508746,8.847725525353027
7.615292197579038,8.84821662067191
8.719126113076527,8.850688174148319
8.768021968468247,8.854305998011673
8.60325438163477,8.854908511394328
8.426531373977923,8.858589954171688
7.252851757561075,8.859329829872802
8.56744355703745,8.85955172262322
8.497053645229698,8.860336284995178
4.292011342003434,8.860795518893077
7.338771063980857,8.86307794978744
8.755617042167898,8.863957712952676
8.188745049234058,8.865237898408374
8.18277953536608,8.867188272737952
8.67773256619472,8.867549842518635
6.08339943745051,8.870841330106675
8.75183264219686,8.87157995331551
6.526800025003524,8.87845411198781
8.883641617222793,8.883993650443571
8.815505755380627,8.889328593508246
8.33034244081523,8.896471305200858
7.430936023300902,8.89948190864957
8.39525092676945,8.90678613354064
6.870748664799123,8.910393266027047
8.884163777725917,8.910595521867524
7.232702209112176,8.92114077797778
8.762714333907311,8.921365205056759
8.864129244377182,8.925273224161593
8.881553656919607,8.926370802318909
8.807081425865363,8.931538786245152
5.84598745025869,8.932317064606714
5.8982150530246145,8.939652951129672
8.601356666497168,8.939926787812151
4.760525273997757,8.941208549775695
8.942528718971744,8.944983361095847
8.779024841112381,8.945491437793844
6.149588370887841,8.948494253821998
8.906930520767673,8.949490429151854
8.783804738617619,8.950675314832417
6.880181246028997,8.952244296138746
5.5167922579422,8.953148807614458
8.630767337708676,8.957082015542507
8.94579308471316,8.957608353549904
8.95932236338922,8.960656328065244
8.751873639518863,8.96097510858856
6.337233622236884,8.961898004228631
5.2371490406168215,8.967243146635463
8.81564998682461,8.967504740214117
7.496079907348985,8.967946117441864
8.909379947979005,8.97022124681013
8.868954052574281,8.971961540050504
8.941553383735709,8.973867834626239
5.175663313915948,8.978795002707077
6.0379063290826025,8.981705420765085
8.984918570660966,8.987565465141511
8.973262013445524,8.98787764913655
8.806692771072449,8.993143565725871
8.631720922652761,8.99400698485039
5.586856586411159,8.995808633889888
8.985429197964777,8.996448887964684
8.937667799087649,8.999148849745907
8.530676717674396,9.002842109931368
8.398912926578532,9.004428624202841
6.494511031769434,9.00885251210579
6.045796012340588,9.011415781652135
8.940933989713699,9.020481909554967
8.993599364524925,9.024937686295782
8.932448962578064,9.029058406359226
6.511336080049659,9.03668371137423
4.223425732601299,9.042905220190553
8.656478586629646,9.044215025915179
6.666544330875922,9.046929604311739
9.054290669403159,9.056592882422493
8.98137823293473,9.060995165925585
8.846057776185319,9.061245774766055
8.980636624687577,9.06326893318023
9.061855993701016,9.063753546388142
7.8671147243424,9.066120808743964
8.919966851387699,9.070282085057052
9.071896298809634,9.074016845816516
5.432295320717003,9.074657750591514
8.650262342920541,9.076100829550178
9.07457246530248,9.07708865022708
4.873978548437719,9.078181837156597
6.333967802475854,9.083695222002614
9.064983673366669,9.09234128455827
8.842825319552503,9.093529595950127
8.876360213226917,9.094171974414195
9.089500183228665,9.10902495259308
6.242442021362876,9.110554433059944
8.848653201805291,9.111660018731355
9.021865322732992,9.112161071079196
6.574320456547184,9.116201983643768
9.007510984059966,9.116562076604241
7.941126849846114,9.120591338218212
9.098337697488205,9.1274547016893
6.832597132530282,9.132015204034186
8.450714465438978,9.141503671579633
6.7439630513381355,9.151728904347731
9.048005910157372,9.15263974338238
6.4075290828333005,9.157141725037022
6.832313854347603,9.159540288636464
8.60206565433683,9.160188683600687
6.646680207543113,9.16431898979836
9.181503996494484,9.188433322234543
8.83444606872672,9.189967767100669
7.762785211822575,9.191408464942697
7.19200178207052,9.199340387312759
9.172518943306613,9.20111794697231
8.202387610382175,9.201822969300625
8.90675550649263,9.20660505780861
6.100266612114183,9.224394031576654
9.191424916538608,9.227103158797584
9.178066485649424,9.227410730756892
9.101104681491051,9.233118290301022
9.10849276615977,9.235430390577038
8.821676507793427,9.240355393067334
5.2922482537005635,9.246227799631882
8.41028984106606,9.24802635880418
6.835580240700438,9.264084154538622
9.23403818249517,9.267852044228405
9.003280441841525,9.270957399803113
9.270083925466736,9.273528924915736
9.274925912910476,9.275008777582016
6.984100558113141,9.28368251106552
9.21810782292323,9.29122569335216
9.044007682778101,9.291613310580288
8.920518378306042,9.299138349854658
8.592545464454815,9.302414752269677
5.725838934517014,9.302915139627949
5.4746948853895105,9.320559111787805
8.7413365805171,9.321772622747655
8.157054762062216,9.330016222752917
9.171884787773934,9.333756279249924
9.31223835273315,9.337613078139364
9.084759118099555,9.34293416756256
8.991473406299747,9.347402327921234
9.347416769451456,9.356642159838959
8.242627147466237,9.358513030996741
8.778707554855828,9.358562717617941
9.35346571939317,9.365759762916632
7.792366232700488,9.370591412234285
9.360251283524121,9.376426975232011
9.094204923416328,9.379751154381022
9.356892025055458,9.386185408888638
9.386073448418301,9.388864498268031
8.486424451455605,9.390827429088013
8.98877331963321,9.393950982057232
9.364442684693131,9.396998732507491
9.17943060660582,9.403503526565542
8.222048173698795,9.410896994828963
7.146016682953132,9.418848767747374
9.27418614449698,9.422826104228424
9.278922215942885,9.428993963054733
9.308501317688979,9.436586849034587
9.312122275303636,9.437451604564693
8.308216140213517,9.447498400104427
9.447606205685815,9.453252534289156
9.352070561710434,9.454328361706711
8.930926930603164,9.456715894655982
7.37297478333312,9.461570306149277
9.383243430985203,9.465421663098926
8.953963248825175,9.46676746782273
7.082899286280053,9.469536352836554
5.069024945406682,9.4700926671198
7.785598461880227,9.475464776733643
5.3874647323229965,9.47645653650327
9.313136458375084,9.479932147404996
7.1391266295548235,9.490577925025246
9.153866276620647,9.513838845266374
9.45474142662897,9.516731988108072
9.517623499758745,9.51773028687633
8.736034856397794,9.533102652376929
8.854296844761166,9.536510761576562
9.514328062668937,9.541233663885523
9.240428004577836,9.552067140490847
9.471690284576653,9.553793547865858
9.496779028778292,9.567201639579588
9.56696865267736,9.567796871964578
8.61782385110746,9.577290426945817
9.48619160076214,9.595267895593679
9.569256603340364,9.59630722937619
9.064221916910356,9.596463858993303
9.598143353256376,9.603565451355049
9.57013960939912,9.604757589915774
9.4726391022607,9.60970001932655
9.590735098319456,9.613399628722558
8.731924147594555,9.614253071835519
8.88722564200026,9.615917340896248
9.550488906979126,9.618902109781395
9.520578969474855,9.631845309341863
9.344991794770976,9.63316187628565
9.19065085211264,9.636754823745116
9.595320618194819,9.645998135951087
9.227061530291394,9.65207824069164
9.63381369849509,9.652572893743077
9.622340855738912,9.652957604698155
9.134011772935082,9.654366709285227
7.215109437472165,9.675731295188573
9.6623443462164,9.677025234398123
9.667723997917392,9.691577794060834
9.678604660804922,9.698591530673655
8.450761253029668,9.70482854676354
5.6324664317562565,9.710015681990924
9.591043061013298,9.713899472389423
9.721995819287997,9.72529168027482
9.52479882000208,9.731072752249801
9.733708690811909,9.735521007743127
9.69940385812015,9.751012479478526
7.017367120376775,9.752922992317625
9.6386191651618,9.761233051766894
9.762003748719735,9.770716181180733
9.706299500967035,9.77250425897306
9.578575471024124,9.772843824783923
8.877304087662196,9.777705948653825
9.555907926280053,9.786157241211285
7.006620324032448,9.791937029138222
9.210464795273083,9.801511081856825
7.279459818878422,9.802877754578816
9.817431648285094,9.81827369606517
9.440761487777763,9.834010211547294
9.834458604931115,9.84863809952985
9.632671122821932,9.849447261683565
9.512853778389001,9.851254720971337
9.209223839203332,9.872043201504397
5.0370682303314425,9.875300530731174
9.608573893623575,9.879203956163975
9.77215789465481,9.889026306133095
9.21456860708281,9.91236953975643
9.23262338350105,9.916136175929323
8.75380894594582,9.92857039351805
3.9067492017823042,9.934164212849943
9.861001354759537,9.93485148595841
9.950860553976156,9.955233204503356
9.884917670341565,9.958353213467692
9.668848469331351,9.963240143459991
9.947514358857006,9.964038301297823
9.959438065521681,9.990916045441715
9.99293453864675,9.99407538557919
9.014408481041073,10.004897776099039
8.794447520549966,10.008537232117781
8.589206613449278,10.01074858781766
9.96511375787395,10.012013107895767
10.012569494767376,10.027236625463997
9.898514592457332,10.05455269718265
10.03161854972518,10.07554050981705
9.130977107147373,10.079311736465385
9.164798476563192,10.085605174238072
7.162850386735954,10.09328348665601
10.092674103582112,10.09391552016732
9.300769832931621,10.121884284103425
10.090465558229688,10.127082197994948
10.088597898470653,10.131387968695048
10.129243665212712,10.141696834761575
9.945690983749955,10.145921938592547
10.06384824043289,10.151060600092293
9.55834218689921,10.15567470715813
10.156999561786861,10.157214580035065
9.970820438066767,10.162833058629449
10.110669352690138,10.163432935994617
10.173004759353717,10.173525138156787
10.190692270684849,10.191551280921326
10.062312349796457,10.199956226258891
7.476526324159977,10.207053429524908
5.347130195710633,10.218003510551789
10.101247258721742,10.231736731365853
8.346322355927441,10.239657314025163
10.212523829195561,10.261019288764128
10.258783622452029,10.264907175260134
10.21379480399446,10.271750274179091
8.954652185730083,10.274653961041764
10.239716415420844,10.278812529797793
9.983526867838698,10.281456373695724
9.71124870329605,10.284524431284527
9.774552794922784,10.305785840920237
10.283077144353406,10.314335111404535
10.327091516235669,10.327932982791772
9.387188869873398,10.333769244385387
9.539617612190568,10.370875400903962
10.353368503702995,10.371185644594526
9.693971106110439,10.37192419511669
6.244684308168473,10.390080819685107
9.604771439347132,10.407705025851056
10.063937937187802,10.435151264856689
10.36251460519452,10.469425576650188
10.384337896966045,10.471952970118483
9.663560994100635,10.4951132371242
10.484938112404961,10.495909745691288
9.832789069484761,10.50875002849553
10.072860732002482,10.509476701689476
10.317540350884883,10.51301352105026
6.6550278437653105,10.526522338953646
8.960189748734592,10.548889497814969
10.29038518343647,10.551387222741194
9.802946519958823,10.555778463524032
10.235021021209832,10.557894238849059
10.4047736922426,10.562898459550038
10.521707090148993,10.566262733983898
10.556064850509983,10.577411790782708
9.64844104004169,10.595409601514529
10.552560350592941,10.598759948494852
7.615502781635996,10.626474254311965
9.915325690240024,10.62852095965951
6.74719686343542,10.636704294298472
10.651004145454863,10.651012943460413
10.582218647415175,10.66243033699553
10.597581732318986,10.682349395696068
10.650940168302668,10.683292514340508
10.157750803820818,10.69512828363581
10.464594736115032,10.698406101086558
10.65876252646649,10.704653398867318
10.05611420330439,10.717552714599904
10.506505242122671,10.72813311570038
10.66389063507495,10.735051908004749
10.715935208725568,10.73697386457971
10.06832906829408,10.763078254891298
8.429309888725584,10.774457132892046
10.738100255524841,10.817775639232808
10.599394957422476,10.820616365584886
10.466652990898183,10.830371933202674
10.161691968071864,10.843676068173423
10.601366292652202,10.863483824212018
10.860870991794627,10.869532718320665
10.73260071819368,10.875818499828565
9.167020785514978,10.890740304555298
10.721344558081288,10.903032926997675
10.770293396774832,10.905669839968507
8.685925242477424,10.917697059220801
6.78806207548547,10.930587379015279
9.403097762757398,10.952047489590026
10.951292836582386,10.952468779798341
10.850244765217873,10.965301911110076
8.199804693802434,11.022824329159592
6.703954445770478,11.032211654646154
11.038415736290517,11.040247958433394
10.260076134479029,11.046062653135031
10.033763768513698,11.06285729423049
10.910661973673314,11.068184748485827
10.61765550520522,11.094497935308514
9.475741598167588,11.095743581871526
11.01620947581523,11.098080220859433
10.575843412269933,11.099957748308888
9.151683127136721,11.119513873630167
7.542328972748692,11.122827095704256
10.725503757874321,11.131601197964754
10.779840329340004,11.153202878857936
11.150476515696031,11.154432030649648
10.992305300824455,11.174056396279319
10.368646716535231,11.204579872337156
7.253656296296867,11.225167586725341
11.196056369682537,11.232211250577667
10.38448941602337,11.265381288610545
11.243065497925272,11.278606181172409
11.277115616427182,11.292831247571922
9.37310400038541,11.2930490815957
10.298808061737873,11.296540668772737
10.44557166899176,11.300061315193684
10.913846139120608,11.321732976056062
11.17873123176696,11.326194581245087
11.337181083565156,11.35565384171331
8.752838507820343,11.359533977926333
11.347745536956836,11.370612218556733
11.373755327897015,11.414683098468203
10.685227996270442,11.42732164298107
11.12056141107405,11.430862546213039
10.715317608018267,11.488087791431887
11.486213503051886,11.492001684397096
11.350719996004045,11.492882112549925
9.077239363467015,11.498555709076436
11.513406150696028,11.528785377431515
11.473618196091593,11.532249853973791
11.45334257194554,11.544799645180845
8.249825048523235,11.546357322945124
3.8328596229966934,11.569535561607076
4.566549065550646,11.570019263076297
11.06100064440966,11.584286868067121
11.218647067933489,11.590968810535571
11.58845908181047,11.591116747884074
11.537810800907721,11.593011525412013
11.20682190257645,11.625771926622095
11.575565828217819,11.639938417242444
9.89865839752207,11.647817754532833
9.47604625927761,11.69024300783515
10.015793629782227,11.690249694692909
9.702581565429924,11.732294709119998
10.88182111545575,11.74974344483828
11.804474624762236,11.810743982186985
11.543589241520067,11.812216144276558
11.835081136894278,11.861357540997592
11.825961412186416,11.866900083858477
9.5370318446885,11.928375204874833
7.138769512086583,11.950666224919404
11.915487748025953,11.96336248707754
11.570513570805133,11.966474011951862
12.0728387790532,12.077316808814729
9.824955661552679,12.100936453976484
11.642198964667898,12.143651141333551
12.139785211981916,12.14427198522435
10.414756522793372,12.152878626095344
10.444133674843215,12.163062073393611
12.141538742188459,12.189984395825128
11.315496304680892,12.191850611754262
12.187610326691356,12.197193964553264
12.195575910363004,12.200152462164237
9.180247503013675,12.26102123202044
11.67291717757439,12.262626937658197
11.344742723213358,12.299830716445875
12.279450762825263,12.316474377982091
12.241476517711945,12.359329627443415
12.19279843228378,12.366899749678808
11.623807113411203,12.483891777355215
11.283651932052635,12.50307093013375
11.722528704246542,12.505936438849245
12.35877657974288,12.517731656563392
12.520937208717442,12.524573242145069
12.49157517632375,12.534229826399542
9.693113460464701,12.565165930811713
11.382335998002645,12.615277765288027
10.096781076286788,12.623074475480214
10.784639114814443,12.660172412862321
12.670948758087523,12.671532536872348
11.953705072876119,12.682553287971043
12.599131181896382,12.683549230540969
6.03546586338075,12.685070458639052
12.549153528690567,12.693246882012042
11.343799785255499,12.720981120628862
12.426684823168443,12.726126219069544
12.624893900100915,12.731454151293722
11.926096171654535,12.736014420940966
12.584676249008226,12.768033022289334
12.779309751476863,12.809831940088916
4.946960372011745,12.839670118234714
6.669170226585493,12.879997001267817
12.840581872198257,12.901718398695476
11.97341219404916,12.930542539590178
12.377032082965343,12.938280515665186
12.740758507755402,12.953152890313303
12.959168039413498,12.983317453735317
12.377057824230405,12.98838497708097
11.310672276363675,12.991735471202983
12.742760400718907,12.992426629480036
11.400408619331756,13.026714493976957
12.453084174194373,13.041827941503215
10.081714833759406,13.074398618634962
11.957169079958078,13.085798048949034
6.641276855073556,13.093051920901145
12.71100187920024,13.155488537438188
11.502561641693319,13.191953090661936
12.67998946798275,13.206751031142321
12.563327188661788,13.207280914809761
13.16054018787986,13.24481708879946
9.885536699409613,13.245976590733083
13.26513631079888,13.27172434717694
13.166107021263315,13.273093240619618
12.889343528213658,13.280297973865892
10.816532195669254,13.313391352514074
12.638958491848427,13.34908094204091
12.579555455644368,13.364910887587676
13.37111561920813,13.372946247152885
5.544259170082114,13.383837705118623
10.215647695870075,13.389125721024758
13.386606286674578,13.389576764279393
10.91843809931197,13.389769294950252
13.394191098819888,13.397477486090839
13.153468029405815,13.415779813448285
12.227268820008248,13.421665708274025
10.274850573487129,13.437806453978652
13.186955413734722,13.454783673189658
12.633503376780084,13.457215002819659
5.378610232067558,13.476090139613294
9.892742898286087,13.490713353332977
12.296908136546335,13.508609667030974
13.52352352294929,13.523664763740266
13.4342907601972,13.525902836949149
11.89915616289386,13.553098004489897
12.772279674993342,13.556807613218712
12.25583979908788,13.56265106645575
12.498322629211543,13.565158030956773
13.578077381376318,13.590707039625228
13.01346241093697,13.611720945761004
13.306690533226174,13.61745652650464
11.219752197792332,13.643783419634033
11.335721421486596,13.650625813270253
13.079855522781656,13.695852427275486
13.428666330721171,13.695985868889323
10.058179465978412,13.713856257494653
13.373341845673167,13.749491638178228
13.73074059954888,13.759599975818368
5.253817671203706,13.781925303289402
10.169215348541911,13.782445504061492
13.799495695274402,13.802057768102145
13.33015902719336,13.818316771908645
13.648187263481304,13.826293008959631
11.512985087543939,13.842524604292453
13.843303459472736,13.85143904033703
13.450356036965786,13.89184970457362
13.887351498161479,13.89278265884525
12.603263329576293,13.918703212943402
13.687058049225925,13.919769979399693
13.934686244964723,13.956321317261226
13.750561067025046,14.009325197894023
11.916481085297164,14.013241111570057
14.019298843179058,14.028611261858133
12.632078959694809,14.034199965121463
13.308510440521786,14.039495464446873
13.928981188431862,14.066752766188824
4.856817628801366,14.144715969515156
5.104715924545417,14.205017179683065
13.12983688760005,14.216354172700893
13.814911569453443,14.244996383133882
14.264740793541023,14.264806597167155
14.252677648452845,14.281596474163436
14.234214089862522,14.301971718587959
14.334285299394708,14.334443425590628
11.465249382690672,14.337217272773373
13.552367206684266,14.339736947176096
4.0854113349687395,14.34271804754367
13.491835667677208,14.37159103237192
13.475584652946509,14.38755769526037
13.994541140091314,14.394131725834452
14.241658434319163,14.434806800608298
14.13830609426509,14.490118383895355
13.526617724312018,14.494291756258445
13.58273944355824,14.496574077631752
14.516381260899152,14.523754548694082
14.548359742520663,14.54845542482218
6.338443362350517,14.566666405408034
14.107210945985571,14.578397889790253
4.683521538101786,14.599760331399587
10.030746331043986,14.645285804302592
13.323647546466873,14.65961114742088
14.36385549837729,14.659710440356019
14.668950050178864,14.670242148421124
14.540415201965516,14.67946349252454
6.758606305612375,14.703350371947778
14.24513845534625,14.703968071171946
13.329189471392283,14.707412226801631
14.743418583039784,14.752381358523078
14.35962814695813,14.762070051678982
13.735125068445349,14.774291493050653
14.019247495384661,14.795379177063175
12.626026126913132,14.839992680947713
14.425097051201192,14.84153743347498
8.286943557192217,14.861622527710798
14.651116851699953,14.862095024660551
3.786847873139777,14.876247069718637
11.96274435829605,14.903070508210284
14.880959987736105,14.953530155619852
14.76512917264182,14.964052290918042
12.927851334266961,15.002788781566142
14.599553888763694,15.00893155426236
15.034524327786357,15.041224429436031
15.02694384271308,15.043833194063595
14.918116759960412,15.06356033067672
15.035753833054514,15.070563943193353
13.124960891747833,15.129369399214916
14.887561628876028,15.132014345379812
7.456718488589104,15.1608359443584
15.04494976290539,15.256552874712927
14.94535950000136,15.2790369824743
13.483497025989664,15.279970226921714
15.15412874069284,15.280912346896173
13.780022466141418,15.29066954620702
14.938715238419718,15.298621520612583
15.296127065521432,15.323264150439464
15.164446169962503,15.362009204183867
14.968705555492534,15.362167885862142
15.37302888225372,15.376589125384918
13.098112313477031,15.380375024883687
14.92132397388741,15.401013708668199
15.418483661438586,15.425110652418859
6.837063171148486,15.432563556495083
14.200630048172172,15.484256270664648
15.45851866961766,15.50487035640055
15.166240257568461,15.556885811388199
6.119053358941528,15.601354910374765
9.168906027527555,15.604098782588071
15.281880274872037,15.622445865727387
15.458400171108796,15.624150650715368
10.661386534168287,15.64162926799764
14.409937355446345,15.653361539199306
15.630663748783164,15.664001289357888
14.912787778427628,15.691817608591045
15.611345263199837,15.694686897051433
15.511611951096711,15.797315659662775
15.805276941589455,15.829786980930571
14.391276124420983,15.834224773526898
15.767815346446131,15.869127278773444
15.061851540917232,15.904472807695365
15.893843531196808,15.905570328874564
15.191774750598597,15.929269202053764
14.578027824836965,15.946283761085237
15.596070319217915,15.959796163609017
13.615925606260873,15.962411284973617
14.073274877037193,15.967661695232739
15.444655680107644,15.980943913797173
15.795516619606133,15.993293497993296
12.558158731429618,16.02088547073726
14.11070610623301,16.083719041002233
15.463456740335246,16.090673512002773
12.869880847215427,16.107033471786774
16.016935196610575,16.113903052424885
15.292140032165662,16.144883276823563
15.647976728661206,16.160385196559233
12.487842782014923,16.23481109945225
8.195138478962235,16.25577803371626
15.91619674978665,16.291377714933933
11.711093085397806,16.330077201974376
5.769593183380493,16.338309084734302
16.29124436199396,16.367221328425778
16.077601262741155,16.369851030659007
10.569760291733473,16.373906397695308
11.967774232259956,16.393590239909045
16.30726600890972,16.451564161354195
16.250257236086327,16.51087772707884
6.889598830757905,16.553908034569474
8.059099675026118,16.5762525458411
13.28418275057993,16.60434117897391
16.00217890470958,16.615032972194335
16.629328313386395,16.63786141837576
16.21033094794535,16.64823375024787
14.352836676499464,16.691401272457135
9.86953550218459,16.752235005001896
16.62153311680987,16.77791887542348
16.809463154670993,16.80956304515749
16.7971205785218,16.844487208530353
15.947485869484126,16.85964430740431
5.274354259648362,16.86197712854098
14.42235948071675,16.8678121686498
16.782228764344154,16.878064559614977
16.72608375528762,16.96354468537462
16.143246235046718,16.9705253406538
13.887328612266629,17.041828026786792
13.330532517151369,17.071512072841095
16.593548907074037,17.15067389114401
15.815389224247586,17.179176495682665
7.868700895486938,17.193957778283462
17.21106653676634,17.231265311023368
15.897763215649224,17.24394431181562
15.815783698890883,17.251252396528386
11.468922646720912,17.253256599661615
16.979320932602604,17.28532173289858
17.27190262795284,17.30016923710901
16.646337932003064,17.34853858809658
16.24162496791473,17.35634473203068
15.95827588766247,17.375728699232976
17.39035515273514,17.46396350858123
17.112080241518015,17.48927557465551
17.363818157137757,17.584320919894054
7.248934347154318,17.605028998314104
17.62527454080015,17.628160185255062
16.836626993475022,17.647024085691747
17.443862199901787,17.669087373544343
17.651809951458063,17.67614722052331
17.733995086685354,17.73791614931098
17.78990090906609,17.800810656706062
17.88063879973612,17.89914729081762
17.07834438751638,17.94285447564316
17.013127675874784,17.95594958812069
17.816617846390727,18.037760051362753
17.902486646503576,18.071713449525205
17.535409858413914,18.20044491481095
18.02585242705976,18.206329206503725
18.313438580780712,18.3365561423904
16.82601303341835,18.366360331741618
18.27807589183817,18.371135049154788
5.025380718887391,18.394590905162786
17.724456451057677,18.40898637680651
18.04618690845564,18.418963889773533
5.215523957290827,18.460609473917295
5.131041248827387,18.53554672222023
18.580933981166936,18.58467704724805
13.773056736169565,18.602747456314233
15.469910764776841,18.612779145660824
18.714072817361057,18.74978489541511
16.065608252327195,18.831079653592766
18.541617262757427,18.861513893088578
18.882357990486526,18.89952096321731
18.308665086723522,18.933442969366848
8.294717139092427,18.936880197253622
17.877544220718846,18.97115186638615
7.885134700131175,19.073383168085726
19.09908694943738,19.10060212326438
18.687949731271146,19.1690508824934
5.9563721586100655,19.1837987190984
4.974046705452565,19.195689424794306
19.20125655663378,19.27008565678802
19.285125862231034,19.285201529295687
17.346059812713975,19.28656281071445
19.30169369844066,19.304931929573677
5.943249633342035,19.357616295006714
4.551358934739483,19.451009106251913
18.73947947519224,19.53810451704848
10.289892459383736,19.538931679528076
18.067689340721245,19.55906070425986
19.491921729172645,19.582680046308994
14.699930050331204,19.602166576126148
19.668381053981328,19.674366141433964
15.478852440166747,19.705320744587063
19.754194811386697,19.80289394227988
19.42931792081481,19.816429885934657
19.0909654426805,19.82640464732878
19.531944268134602,19.880711959314723
19.789009292341007,19.884646224709513
19.56889209207958,19.92784378933581
19.951335218476743,19.96781727625826
20.01658208279423,20.058217586360982
4.474289290390061,20.07741242438569
19.976877952446557,20.09414865132961
19.13000026687064,20.10231983841853
19.928478505088833,20.274888072887588
20.288387350281482,20.297748947759093
20.24455649581978,20.308219999806987
19.616202138008703,20.32485956069874
19.84376123399166,20.405975878693145
20.505038244904426,20.539235382885145
16.424987953491836,20.639326377372633
20.467570240112764,20.641133670021375
20.595519780739778,20.64141891261324
18.858855409173884,20.652910233111417
18.40430325793659,20.682498467500167
20.210720020020062,20.739377880725065
20.574552854607646,20.755849378260347
18.425710187538243,20.778673709838845
20.915929304298515,21.13342811527661
21.21019684993479,21.222164259782634
21.22348323361672,21.225048916858235
21.235387273193737,21.294805239610547
20.07897724441159,21.486067471777837
21.59166166622549,21.620802848544255
21.283486380104478,21.649837049639054
21.7696922410596,21.782820156827146
21.735899591404177,21.797483105981534
21.86469672559747,21.866979880546488
21.318832924889648,21.910264154730548
4.200977481399605,21.94010983336492
21.707661265465504,21.957271082218675
16.946148651011104,21.969167113539584
20.78268966960131,21.973131476445026
21.346357503145843,21.991220360220336
8.762471912024594,22.089413235279107
19.232577512851666,22.117284216613072
21.457701841187372,22.145280668042894
5.6296615011904265,22.538108876075686
22.547718888153213,22.576037172717676
17.514013122367942,22.594951291438676
20.07706031193925,22.616527411136143
21.930637397890678,22.666374481720894
5.350688022606846,22.847951949063273
21.122115536251385,22.923962659484907
22.89326131731895,22.93413691724902
22.203724694835955,22.949775587951503
22.354188737038385,22.966047341624368
3.8505065245901733,23.01413025276642
11.791376303616062,23.072537423197623
3.8203016853658482,23.232614473923526
22.47834875933131,23.24226904559555
23.493052147206427,23.493057868943914
3.7845700593987317,23.735084426775323
9.267474613441664,23.753930734525824
4.429485037330778,23.76722597994454
22.33389783353347,23.867582288752637
22.51284212808241,24.033174970237653
24.66034605255777,24.66537112470644
24.27226544232417,24.665447559494503
24.642289790216466,24.807528105069082
24.879835790444545,24.887743211912788
24.962854468705018,24.972035518832698
23.680385581673363,24.974296718025872
24.360790474456962,24.97499733465016
23.81431065955394,25.086110000113578
25.029624091270662,25.099412865698078
23.0651706706945,25.3041450919941
18.54841004702395,25.44458077254584
24.732471057723544,25.5327005245212
24.103373206695835,25.69215380546673
25.779177020126554,25.94878301654453
26.209904171940863,26.23398767019247
16.79225995415004,26.277907408076338
27.0522753780906,27.10352680493657
27.751621905834384,27.76280349189114
27.87552415572759,27.881411655918328
27.316557249649122,27.892297295081427
27.071876128109125,27.90471777223315
26.06694143975642,27.988636486240736
28.034162867088526,28.1083768504638
28.05344376771177,28.124100119607075
28.751454376823858,28.771876916834305
28.87487500075281,29.819129269013466
29.902867172401784,29.90725384864296
30.115952068562876,30.225186179020813
30.159187641208746,30.28124567947929
30.257080036409207,30.341080736372966
30.46685361927848,30.94987393470074
27.874408856973105,31.031479940071385
31.113585972603815,31.25072484633837
29.219298099602383,31.380267080983742
30.60347858959267,31.48320343801292
31.62657770651441,31.636743458476793
31.66931492990352,31.936814837966182
31.970292997849356,32.09399533803395
22.358413890496195,32.808215243215514
10.780210600717567,33.1791562859043
17.553384756413152,36.51834005625307
40.22260820003544,40.23776980690086
42.23882319971858,42.283892401268474
44.759600440818986,44.84398207857214
46.08939035087229,46.09363637147203
